-3.2998319511535e-05; -4.1710814002727e-07; 
-0.00012644988601096; 0.001632469589822; 
0.00011410652950872; -0.0023694320116192; 
0.00060462264809757; -0.0037375551182777; 
0.00062204367714003; 0.016664452850819; 
0.00077949254773557; -0.0021229605190456; 
0.00101513043046; -0.0054055326618254; 
0.0011557706166059; 0.0014256163267419; 
0.0011954185320064; 0.00040442403405905; 
0.0013093445450068; -0.00023699924349785; 
0.0014082721900195; -0.00015609501861036; 
0.0015302079264075; -7.8017124906182e-05; 
0.0016631109174341; 2.4596462026238e-05; 
0.001826842315495; 0.00024853833019733; 
0.0019815778359771; 0.00037579704076052; 
0.002140037715435; 0.00062335119582713; 
0.0022387455683202; 0.0022101674694568; 
0.0024006338790059; 0.0019045206718147; 
0.0025351201184094; 0.0023063346743584; 
0.0025943219661713; 0.0029216536786407; 
0.0026994356885552; 0.0025943052023649; 
0.0027926056645811; 0.00031511537963524; 
0.0028722397983074; 0.0062084891833365; 
0.0029982142150402; 0.0026851864531636; 
0.0031397147104144; 0.003742128610611; 
0.0032009242568165; 0.0017870970768854; 
0.003077129367739; 0.0032190950587392; 
0.0033729998394847; 0.016053408384323; 
0.0042771114967763; 0.0028716488741338; 
0.0041562216356397; -0.0054475055076182; 
0.0034617776982486; -0.00022900220938027; 
0.0031625584233552; 0.0028527246322483; 
0.003146858420223; 0.0066210548393428; 
0.0036948672495782; 0.015128942206502; 
0.0040389876812696; 0.0125413807109; 
0.0044234408996999; 0.00069709517993033; 
0.0040908697992563; 0.011614914052188; 
0.00426568929106; 0.010268146172166; 
0.005047420039773; 0.004798726644367; 
0.0039320848882198; -0.011664541438222; 
0.0024909893982112; 0.0080856438726187; 
0.0028720845002681; 0.024510640650988; 
0.0039586648344994; 0.014082444831729; 
0.0061935749836266; 0.002952910028398; 
0.0059518646448851; 0.0014929531607777; 
0.0052926759235561; 0.0061214324086905; 
0.0050313510000706; 0.014975314959884; 
0.0059199910610914; -0.0011626905761659; 
0.0052613369189203; 0.00099041871726513; 
0.0053533497266471; 0.00089686131104827; 
0.0053154514171183; 0.0030975211411715; 
0.0064242891967297; 0.0028377079870552; 
0.0058106174692512; 0.0070028170011938; 
0.0056910053826869; 0.013777700252831; 
0.0063574891537428; 0.0025696586817503; 
0.0055553652346134; 0.029266551136971; 
0.0075720977038145; 0.0068230964243412; 
0.0070850420743227; 0.0025653198827058; 
0.0074813677929342; -0.0052059656009078; 
0.0053484020754695; 0.010413397103548; 
0.0046010371297598; 0.026430627331138; 
0.0076115317642689; 0.0034147500991821; 
0.0064383270218968; -0.0032561474945396; 
0.0039749694988132; 0.015374632552266; 
0.0041657607071102; 0.025770965963602; 
0.0077171637676656; -0.003048867220059; 
0.0065230317413807; 0.0092282630503178; 
0.0049841990694404; 0.018841912969947; 
0.0046596960164607; 0.022604193538427; 
0.0045385882258415; 0.0095466263592243; 
0.0044745337218046; 0.017175806686282; 
0.0071322452276945; 0.0091165546327829; 
0.0060782651416957; 0.01241971924901; 
0.0087788049131632; 0.0016096127219498; 
0.0046900939196348; 0.0059997527860105; 
0.0023518116213381; 0.020952358841896; 
0.0038271236699075; 0.0065440572798252; 
0.0013168385485187; 0.034212298691273; 
0.0061976481229067; 0.032082196325064; 
0.011725706979632; 0.01258638035506; 
0.0084302918985486; -0.017968794330955; 
0.0046123452484608; 0.021842006593943; 
0.0063970042392612; 0.0049965558573604; 
0.0003849440254271; 0.029713671654463; 
0.0039807204157114; 0.030649028718472; 
0.0058740018866956; 0.0024154977872968; 
0.0050057019107044; 0.0062927301041782; 
0.0023158639669418; 0.01083315256983; 
0.0030326975975186; 0.014403951354325; 
0.0007340787560679; 0.041136428713799; 
0.010335324332118; 0.025111818686128; 
0.0083483438938856; -0.0034753757063299; 
0.0050177741795778; 0.0053858058527112; 
0.0027506940532476; 0.022440368309617; 
0.0031662271358073; 0.022600259631872; 
0.0067289699800313; 0.0081815458834171; 
0.0037193656899035; 0.013794779777527; 
0.0025594781618565; 0.022902820259333; 
0.0024374243803322; 0.013957167975605; 
0.0049555459991097; 0.019439026713371; 
-0.00019363395404071; 0.029665187001228; 
-0.0016723030712456; 0.031425125896931; 
0.0050305938348174; 0.038933459669352; 
0.0094369389116764; -0.0047955652698874; 
0.0046930531971157; -0.0046332753263414; 
-0.0079125817865133; 0.016723163425922; 
-0.0083086416125298; 0.02954475954175; 
0.0039489143528044; 0.027420023456216; 
0.0026226711925119; 0.041095372289419; 
0.0015747703146189; 0.027951795607805; 
0.00076148030348122; 0.030686106532812; 
0.00028681743424386; -0.006921130232513; 
-0.0060964021831751; 0.0046399990096688; 
-0.00063940766267478; 0.010673782788217; 
-0.0018920083530247; 0.030637614428997; 
0.0032322895713151; 0.025931630283594; 
-0.0026728068478405; 0.033892415463924; 
0.0010828694794327; 0.033153608441353; 
0.0055404570885003; 0.017954051494598; 
-0.0014756934251636; -0.0031720129773021; 
-0.0066632414236665; -0.0041787121444941; 
-0.0069698132574558; 0.023031337186694; 
-0.010704083368182; 0.052699193358421; 
0.0060066878795624; 0.039126757532358; 
0.014879032969475; 0.018735263496637; 
0.010525825433433; 0.021836917847395; 
0.0064326277934015; 0.024278044700623; 
0.0014749281108379; 0.011906289495528; 
0.0023448884021491; -0.0047567319124937; 
0.0017833538586274; 0.018965110182762; 
-0.00044854660518467; 0.023920021951199; 
0.0057485224679112; 0.019772611558437; 
0.0072953393682837; 0.0015994235873222; 
0.0070971767418087; 0.024865351617336; 
0.0074092894792557; 0.031455524265766; 
0.011543130502105; 0.017274497076869; 
0.013271139934659; 0.0085673844441772; 
0.010533371940255; -0.005276502110064; 
0.0049166241660714; 0.022520216181874; 
0.0067472793161869; 0.019045703113079; 
0.0079569835215807; -0.0094944536685944; 
0.0069011962041259; 0.0034017427824438; 
0.0068323495797813; 0.024125155061483; 
0.0074322316795588; 0.033161401748657; 
0.01210255548358; 0.013381270691752; 
0.0088703092187643; 0.00072778202593327; 
0.0045946636237204; 0.016202867031097; 
0.0069173369556665; 0.021050157025456; 
0.0037022922188044; 0.030711054801941; 
0.0042256042361259; 0.039716236293316; 
0.01366707496345; 0.016599353402853; 
0.0070502604357898; 0.012419112958014; 
0.0039958264678717; -0.014047155156732; 
0.0010586258722469; 0.0040204292163253; 
-0.0043169953860343; 0.02653768286109; 
-0.0038518540095538; 0.038927722722292; 
0.00076646101661026; 0.024054020643234; 
0.00024697452317923; 0.030492264777422; 
-0.0066820825450122; 0.033485755324364; 
-0.0066216373816133; 0.031094443053007; 
-0.0013324695173651; 0.0053377160802484; 
0.0043142661452293; -0.009231180883944; 
-0.0041911425068974; -0.0019822400063276; 
-0.0088760172948241; 0.040810875594616; 
0.0030870966147631; 0.026951126754284; 
0.00015889262431301; 0.031908243894577; 
0.0022516760509461; 0.018486455082893; 
0.0002711316337809; 0.019909102469683; 
0.0015144108328968; 0.03293339908123; 
0.0086545711383224; 0.012851402163506; 
0.0088647082448006; -0.0039782864041626; 
0.0047865211963654; -0.0020875909831375; 
0.0046775122173131; 0.00055481167510152; 
0.0067461528815329; -0.007015292532742; 
0.0075512388721108; 0.020137844607234; 
0.0089465733617544; 0.004898315295577; 
0.0083737466484308; -0.0069729397073388; 
0.006944302469492; -0.0072219204157591; 
0.005379871930927; -0.0057463613338768; 
0.0037972542922944; 0.00055954186245799; 
0.0013653265777975; -0.016172859817743; 
0.00058792962227017; -0.011434847488999; 
-0.0018124510534108; -0.028864409774542; 
0.00039625924546272; 0.0093353884294629; 
-0.0039495062083006; -0.0076545942574739; 
-0.0038173256907612; -0.019971925765276; 
-0.0021416624076664; -0.011929356493056; 
-0.0032804773654789; -0.0055740443058312; 
-0.0029267182108015; -0.0024973528925329; 
-0.0039169727824628; 0.012948151677847; 
-0.0049597797915339; -0.01181685179472; 
-0.0021123480983078; -0.020063789561391; 
-0.002594797173515; -0.012452769093215; 
-0.0039447695016861; 0.012621404603124; 
-0.0051942551508546; -0.008220637217164; 
-0.0044570881873369; -0.010641468688846; 
-0.003555707167834; -0.006825631018728; 
-0.0050903828814626; 0.0042307679541409; 
-0.0070580868050456; 0.011016579344869; 
-0.0066710775718093; 0.0016266009770334; 
