-5.7784673117567e-05; -8.2258520706091e-06; 
-0.00027092159143649; -0.00053952937014401; 
-3.6440975236474e-05; 0.00049382750876248; 
0.00015471458027605; -0.0016048437682912; 
4.6765708248131e-05; 0.012764478102326; 
-0.00013677624519914; 0.0032277733553201; 
0.00015763663395774; -0.0024716244079173; 
0.00028151483274996; -0.0068052271381021; 
0.00024818917154334; -0.0075443899258971; 
0.00024200054758694; 0.0022125183604658; 
-5.3498115448747e-05; 0.0012580920010805; 
-8.8356442574877e-05; -0.00051208905642852; 
-0.00018296884081792; 0.0029486070852727; 
-1.9895485820598e-05; 0.002699073869735; 
-9.8066320788348e-06; -0.00051255093421787; 
3.8024380046409e-05; 0.0026483822148293; 
1.4428460417548e-05; 0.0020047046709806; 
-4.2783140088432e-05; 7.5271374953445e-05; 
-3.4468466765247e-05; 0.00061198353068903; 
-3.8559160202567e-06; -0.00015240781067405; 
1.2981268810108e-05; 0.00031322657014243; 
1.2368048373901e-05; 0.0034280077088624; 
-2.2231761249714e-05; 0.00068366224877536; 
5.8239147620043e-05; 0.0012745948042721; 
-5.5757504014764e-05; 0.00067459628917277; 
-9.0331464889459e-05; 0.00077988975681365; 
-4.3432599341031e-05; -0.0020329640246928; 
-0.00011671888933051; 0.0051602628082037; 
0.00011124208685942; 0.0045401039533317; 
9.1414927737787e-05; -0.0028375391848385; 
-0.00010021359048551; 0.0050181662663817; 
0.00014939895481803; -0.0025142491795123; 
1.7584097804502e-05; -0.00051091285422444; 
-0.00028814244433306; 0.0048947730101645; 
-0.00014863966498524; -0.00020646955817938; 
-0.00025864705094136; 0.0063010230660439; 
-8.4717561549041e-05; -0.0087061328813434; 
-9.8069591331296e-05; 0.013571478426456; 
-2.9725400963798e-05; 0.0082382587715983; 
-0.00043796398676932; 0.011581097729504; 
-7.2512651968282e-05; -0.0010731115471572; 
7.6568190706894e-05; 0.0033837910741568; 
-5.3973097237758e-05; 0.0026313625276089; 
8.0408266512677e-05; 0.0044309673830867; 
3.3068616176024e-05; 0.0047243949957192; 
-0.00020282570039853; -0.0025005419738591; 
-0.0006904024630785; 0.0076599828898907; 
-0.00048269348917529; 0.0050138672813773; 
-0.0003700261877384; 0.00749222189188; 
0.00028128130361438; 0.00074923399370164; 
0.00010869343532249; -0.00070727034471929; 
-0.00032170303165913; 0.0016114823520184; 
-0.00017429514264222; -0.00073237717151642; 
-0.00087058782810345; 0.0055432170629501; 
-0.00062319979770109; 0.019094472751021; 
-4.6415851102211e-05; 0.0065130107104778; 
-0.00027742143720388; 0.0040646679699421; 
-0.00025299342814833; 0.0015026615001261; 
-0.00050430389819667; 0.0027697179466486; 
-5.9343394241296e-05; -0.0023490809835494; 
-0.0012114093406126; 0.002512579318136; 
-0.00097451795591041; 0.015035644173622; 
-0.00078973325435072; 0.021040927618742; 
0.00068694108631462; -0.0084159318357706; 
-0.00033388019073755; 0.0063630547374487; 
-0.00041161006083712; 0.0042288871482015; 
-0.0010659000836313; 0.0066662621684372; 
-0.00072927423752844; 0.0077264420688152; 
-0.0013729769270867; 0.0067449822090566; 
0.0001980586675927; -0.0013555584009737; 
-0.0010216179070994; 0.0063812239095569; 
3.1580275390297e-05; 0.0052697639912367; 
-0.00013222444977146; 0.0049176514148712; 
-0.00046043304610066; -0.0019749419298023; 
-0.0006796782836318; 0.0094521855935454; 
-0.0018714421894401; 0.015271678566933; 
-0.00060352263972163; 0.0082909893244505; 
0.0006586397648789; 0.00066258700098842; 
-0.00060713972197846; -0.0014846106059849; 
-0.0021150175016373; 0.0025228466838598; 
-0.00094970158534124; 0.019867127761245; 
0.00029140300466679; 0.016381893306971; 
0.0002987893531099; 0.014621687121689; 
0.001110962824896; -0.0043449122458696; 
-0.00044080935185775; -0.0063141062855721; 
-0.0022242148406804; 0.0093767950311303; 
-0.0010691196657717; 0.0062834434211254; 
-0.0014143678126857; 0.011182621121407; 
-0.0015839352272451; 0.011357311159372; 
-6.8623921833932e-05; 8.7107066065073e-05; 
-0.00050302565796301; -0.003783400170505; 
-0.0017050965689123; 0.028544533997774; 
-0.00050072028534487; 0.015202513895929; 
9.1791764134541e-05; 0.00089751044288278; 
-0.0012245402904227; 0.0013070935383439; 
-0.0017949512694031; 0.025910245254636; 
-0.00035666915937327; 0.011950261890888; 
-0.00050256750546396; -0.0022544544190168; 
-0.0013302356237546; 0.0042529506608844; 
-0.0022851973772049; 0.008785754442215; 
-0.0018268479034305; 0.010157995857298; 
-0.0011435037013143; 0.0092395516112447; 
-0.00036639839527197; 0.0065594855695963; 
-0.00075668905628845; 0.0023353477008641; 
-0.00059188320301473; -0.0019918028265238; 
-0.0017587809124961; 0.011007780209184; 
-0.0020512850023806; 0.014016549102962; 
-0.0020672203972936; 0.0090217376127839; 
-0.0015697530470788; 0.011460328474641; 
-0.0017954579088837; 0.025569632649422; 
0.00021075595577713; 0.0065747052431107; 
-0.001154730678536; -0.0021877395920455; 
-0.0029013170860708; -0.0041317702271044; 
-0.0026200825814158; 0.020385172218084; 
-0.0013387886574492; 0.013202819041908; 
-0.0011829202994704; 0.0067870975472033; 
-0.0014311519917101; 0.0024312685709447; 
-0.0019041727064177; 0.010189938358963; 
-0.0013330447254702; 0.0050567965954542; 
-0.0011818191269413; 0.0029793304856867; 
-0.0016279339324683; 0.015169843100011; 
-0.0016834345879033; 0.01566655933857; 
0.00058144156355411; 0.00058382237330079; 
-0.00072511762846261; 0.0079433917999268; 
-0.0023810211569071; 0.021766327321529; 
-0.0012638623593375; 0.0002885137218982; 
-0.0034878733567894; 0.0054208962246776; 
-0.0034257909283042; 0.012522302567959; 
-0.0014250364620239; 0.0052083837799728; 
-0.0018725488334894; 0.015653397887945; 
-0.00099313561804593; 0.011875445954502; 
-0.00060414284234866; 0.014140395447612; 
-0.00043889781227335; -0.004289819393307; 
-0.0029433504678309; 0.0047729448415339; 
-0.002831073012203; 0.0069525400176644; 
-0.0025126370601356; 0.018288888037205; 
-0.0014106156304479; 0.023733034729958; 
0.00013566738925874; 0.007527906447649; 
-0.00039125644252636; -0.0075923865661025; 
-0.0032151301857084; 0.028452046215534; 
-0.00074415630660951; 0.0031775496900082; 
-0.001504392363131; -0.0051787365227938; 
-0.0023719037417322; 0.0042793741449714; 
-0.0028495518490672; 0.028476966544986; 
-0.00085188716184348; 0.017357043921947; 
-0.00067137589212507; -0.0025585135444999; 
-0.0016048087272793; 0.014286648482084; 
-0.00093369896057993; 0.011147442273796; 
-0.00075263902544975; -0.0024486617185175; 
-0.0027754446491599; 0.010879136621952; 
-0.0017771115526557; 0.002291448879987; 
-0.0025092114228755; 0.018244296312332; 
-0.00079874589573592; 0.0068603064864874; 
-0.0006834176601842; 0.0040615033358335; 
-0.0012097638100386; -0.0067950333468616; 
-0.0015172546263784; 0.0049510737881064; 
-0.00052222714293748; 0.0079042334109545; 
-0.00074758549453691; 0.01424241438508; 
1.8469290807843e-07; 0.0094100385904312; 
0.00012439713464119; 0.0099305817857385; 
-0.0011840219376609; -0.0093891127035022; 
-0.0018404541769996; -0.0017279987223446; 
-0.0010485330130905; 0.016682662069798; 
-0.0014078906970099; 0.017200291156769; 
-0.00057384622050449; 0.012596866115928; 
-0.00015065557090566; 0.0044636083766818; 
-0.0010795844718814; -0.0084671415388584; 
-0.0018523109611124; 0.009781084023416; 
-0.0013388947118074; 0.013333426788449; 
-0.0010924828238785; 0.012367168441415; 
-0.00074556621257216; 0.011414757929742; 
-0.0011623739264905; 0.013889717869461; 
-0.00039064971497282; -0.0081655271351337; 
-0.0014628120698035; 0.010654528625309; 
-0.00070210907142609; 0.022072378546; 
3.4048174711643e-05; -0.0040796967223287; 
-0.00035874935565516; 0.0032641086727381; 
-0.00085597753059119; 0.0011738922912627; 
-0.0010000411421061; 0.011266946792603; 
-0.0009269752772525; 0.019848588854074; 
0.00061133340932429; -0.0063585648313165; 
-0.0009797892998904; 0.0019756122492254; 
-0.0011911910260096; 0.018441157415509; 
1.9797862478299e-05; 0.0039805248379707; 
-0.0010928849224001; 0.0034730508923531; 
8.0009944213089e-05; 0.00028651987668127; 
-0.00085663388017565; -0.0010286467149854; 
-0.00084817188326269; 0.0045962249860168; 
-0.00090403092326596; 0.012666941620409; 
0.00020280823810026; 0.0011439948575571; 
-0.00024884019512683; 0.0035750304814428; 
-0.00071653176564723; 0.01268532127142; 
-0.00019142973178532; 0.0057989056222141; 
-0.00013538147322834; 0.0060681672766805; 
-0.00092796224635094; 0.01644280180335; 
0.00017051986651495; -0.01025250647217; 
-0.00025663440464996; -0.0035607209429145; 
0.00018356948567089; 0.0053841024637222; 
-0.00061193946748972; 0.013894204050303; 
-0.00037415252882056; 0.0041296044364572; 
